# Student primary keys whose dropout -> undo was confirmed as a mistake.
# 152 confirmed 2026-09-17; 91 (JNV Mainpuri, JNV Warangal) confirmed 2026-09-23.
522569
573081
573082
573083
573084
573085
573086
573087
573088
573089
573090
573091
573092
573093
573094
573095
573096
573097
573098
573099
573100
573101
573102
573103
573104
573105
573106
573107
573108
573109
573110
573111
573112
574049
575685
575686
575687
575688
575689
575690
575691
575692
575693
575694
575695
575696
575697
575698
575699
575700
575701
575702
575703
575704
575705
575706
575707
575708
575709
575710
575711
575712
575713
575714
575715
575716
575717
575718
575719
575720
575721
575722
575723
575724
575725
575726
575727
575728
575729
575730
575731
575732
586568
587541
587925
587927
587928
587929
587930
587931
587932
587940
587942
587945
587946
587951
587952
587956
587957
587958
587959
587960
587961
587962
587963
587964
587965
587966
587967
587968
587969
587970
587971
587972
587973
587974
587975
587976
587977
587978
587979
587980
587981
587982
587983
587984
587985
587986
587987
587988
587989
587990
587991
587992
587993
587994
587995
587996
587997
587998
587999
588000
588001
588002
588003
588004
588990
588991
588992
588994
589728
589732
589734
589735
589736
589737
589738
589739
589740
589741
589743
589744
589746
589747
589748
589749
589751
589752
589753
589754
589756
589757
589758
589759
589760
589761
589762
589763
589765
589766
589768
589769
589770
596356
596358
603324
603325
603326
603327
603328
603329
603330
603331
603332
603333
603334
603335
603336
603337
603338
603339
603340
603341
603342
603343
603344
603345
603346
603347
603348
603349
603350
603351
603352
603353
603354
603355
603356
603357
603358
603359
603360
603361
603362
603363
603364
603365
603366
603367
603368
603369
603370
603371
603372
603373
603374
603375
603376
603377
603378
603379
603380
603381
